150587010
88263849
5623406
164932742
164612032
40882006
71618724
164902764
162134432
107008128
41564923
162841309
163977692
164925303
164972482
164194568
152774457
164979437
41733628
89765738
82299763
160128416
164991387
164999971
164417964
163516334
165022904
158704061
118002114
152723792
42913127
165028390
165022364
162090429
162896261
90779058
6928377
2181115
109355724
98169232
4475582
2302732
77436541
3248288
40411781
79871259
152783205
4802589
159213028
41204655
716369
101644543
86471330
965911
41339760
42540684
98683757
4906037
4821512
157089709
154377612
99435919
5404111
159221992
5973327
91453650
95046199
959391
4723004
6561122
966020
159268253
1264927
157179211
4323009
98742657
103930212
96458824
2482589
159268052
2261453
159267181
40829235
61158570
1092341
159284546
3270354
116869388
1958360
93426830
91306315
65620811
5612380
93855942
5546061
6009776
96253936
96270173
61215691
4238860
92163030
69621625
1268385
79937890
5800708
98282902
94584644
2577225
157817586
95508632
4840269
3254430
42392895
42881248
99238902
159114192
154869459
74251534
158770880
159323931
159320198
6654508
113046045
2427396
42112656
93026307
74737267
40842859
93863113
2008266
159272403
42123499
52660755
150383159
50621857
95132721
4195736
102025622
6400032
42210477
5276277
40114616
159332437
2246077
159343559
42191
150564243
159355692
1859446
104009806
158418551
101460070
107009814
40587439
158916240
5361656
74825
50508410
157301388
40886934
5251096
159351577
159343567
51726002
83680583
50294278
88987840
159390560
159195142
94502860
159324110
41613794
157744437
1468992
2478272
159356061
42422745
2249889
159388302
1260789
159402072
159346016
159414555
41183536
88856415
159401186
159099695
87632019
159320364
93380007
152366720
92372130
849122
94685086
5572378
94815502
42567942
100180283
90146560
95458783
6850498
159429936
159059684
93081263
97917981
41201208
93912642
42655746
158870931
159431974
159451904
6946549
5657087
40273460
94557847
2480324
87040299
73363401
92015826
86264779
5778134
156373428
90574796
50558945
2575856
92382167
159498767
42983902
6468314
40184666
4953625
2082659
159500280
159321657
152571993
159499305
94122862
114418262
98407595
88420446
159499225
159345833
159232921
98638052
960968
159217743
101973034
159533548
159135516
98380604
94676316
5282442
95311605
159287089
159282838
52806004
1365949
4632884
101263131
4616602
78850051
159466788
42304547
6431330
40706142
159503759
156793801
2118988
1452739
159433732
6995436
52657289
159470912
159500497
5602409
2273317
159563445
157801499
4438756
67940102
158786651
5999725
159557843
99863839
1456870
152377685
159526711
271884
40405673
856903
67895951
4997967
2249675
1201260
100779622
1035544
2561349
40231668
155466018
159624266
58000
115192699
158952105
159499896
838213
159638814
159499512
6699078
77482497
159414517
5227716
158826633
73755045
95679943
2146845
41308639
159670517
97624906
156214436
98527709
158368609
154962273
6482560
80464003
158922021
5833976
52734217
5488310
156850433
6913925
6123695
71799537
52110584
1526770
42727071
73877807
102601853
96445708
963494
2197160
65349236
6524278
51752303
65218060
52489980
6613986
159759050
119255788
159667326
97170940
89647840
158809798
2256193
5700856
159702630
51132588
159758259
5613108
6524194
42251459
6033070
101244419
2454568
66873717
89279232
2073212
159781038
92619716
6363394
159544635
927758
159784473
159036725
40270806
1757284
159851195
65230749
6721263
159135329
2272995
157203727
159327452
159383147
159879186
51572209
95002056
159800806
90943775
157354321
159846521
159863111
90458512
71413601
158931217
159791143
1552880
158683206
157768246
51477677
6596974
4092139
78687575
159392389
42897195
59155
1241347
159840013
1270713
159394719
159995631
965853
157094631
91682687
5465714
116337601
159217909
5112404
110593634
1288132
159751734
2113146
160013114
108147669
159739623
159979231
1458856
119254770
6262206
2210070
159007526
103312096
234606
292590
160022099
87073241
160063664
159172766
1167768
50622701
160060406
160036166
6585824
556419
42156715
91348736
160066911
158866723
98274875
97021709
42121866
159165664
3260936
158448814
5028385
160156461
160059689
159416037
4012562
4005076
160070523
159884209
1276994
5399665
4482244
160166974
1757317
953628
152313176
152038910
91215060
160167078
160139374
160203025
42870886
156702269
76107629
160198825
160244093
40828672
160196296
160236139
94892259
91458801
160138624
6559903
160267870
159451870
91823672
160287984
135720976
95558725
90241067
110431232
159999619
70220552
4822269
160290801
91450303
965088
160109583
160120743
160165214
99480903
160332434
49203
4741034
159785784
160382127
160109748
93372517
2211024
160242671
97347356
950377
158738434
160412247
4646112
98997604
160430008
581071
160287827
1703691
5389599
159312767
98899762
160288019
158742681
69579119
97366570
41753535
160411660
4162094
62374309
2458169
2359866
40534090
2441731
5669497
5014115
2523671
40435805
1393198
2196065
1426007
42369753
5013544
82166920
99353987
4407349
91964679
2146466
2146477
50873243
278672
41353938
2507155
64143978
49596
94274592
5669353
83346741
42238792
50692836
4325796
2261450
5276090
97895481
1245679
5030404
5194247
2163309
1262173
1573502
2359875
852583
4538927
42025203
2228821
1426031
69158558
1262239
81725010
99813222
950956
72009443
4080274
5522157
66011476
623306
950982
623296
65618215
95766373
42172499
6374079
42942569
1164026
2622150
213751
443130
2163490
95422143
69568310
623389
41042279
112526760
41992608
623395
87311896
93488446
150358087
60752685
72860900
16566
6865107
5456111
1196207
1229011
156617115
82130
42271322
2212035
2212041
97731899
4489384
4915366
6127788
91243907
4636939
2212206
4686100
6996284
2359672
6652165
40764175
4423987
6684950
5865762
90473503
4637120
113542986
1163656
5144646
16397
4128801
81952
114444019
5603449
1196092
4161545
98813396
5914725
950346
41042468
5505036
1196106
92669402
106841601
2278419
2180122
5325846
6046737
42747587
115065523
73793550
102269557
52283246
99877249
4407481
2359597
4063534
2212153
5439822
2212101
5341562
1229113
4473204
4063497
65602261
83788206
5244166
4949292
64390833
5621029
1262948
4425016
1377646
41863165
118735511
83332
4474305
72548831
722311
4392396
5834178
40175505
2180567
5883481
4015678
67977731
83473
4949585
3278382
935471
2541084
41075785
771663
6341608
5538754
246683
6882290
2147203
108709337
6112246
150096735
2294687
78284651
96454262
2278381
771035
213979
410589
4228289
1262737
76677146
5309659
1262745
6194389
4310266
40158936
6358238
1262764
6440099
83136
4375699
2360512
4703714
2098573
42108719
41584579
41961288
558528
886212
5506439
4638111
2147782
5375413
92160150
72958377
2147794
2360939
5686790
951898
2360947
935504
42779858
722516
83553
935532
2197061
951912
951913
99042191
2098760
63964601
951905
1164901
5113398
40666129
2197087
951950
2197153
1262842
1262841
1164542
41027442
2213161
5604696
66242283
6735171
2262286
5358975
5014896
1443165
2278396
2573249
6030263
117064971
5964890
2180137
2278443
214035
1115139
69402678
2245695
2278405
76743254
5473941
64062744
42353736
42615899
51856837
952028
2197235
952027
52364742
2475775
77595259
2098940
67303
42271858
86557653
4163390
4015931
73728867
5703518
50955
952064
40961407
5261150
92963594
951941
2426539
951958
103104701
42304541
951957
60245303
42173472
120521118
951995
18105
2131680
97059595
1557293
623414
885577
4473622
885593
4113251
50987113
66407
107496705
6669070
91325983
41795853
5833515
157239849
150702978
96503483
91639224
1378522
690395
5441718
42551918
690403
2197710
690426
82480155
5376166
4933821
1771745
152780825
6015327
952586
1771795
870660
1525510
98894577
103350577
62817436
1099572
4228967
4146966
69174065
82133962
6375246
87704067
2131740
91472435
40289573
6883114
6178587
97895067
2361208
690317
66276219
690329
5294276
104173231
2525371
690345
6670528
690349
2361500
6621403
690250
42814153
4982793
97668508
4671510
1198148
690283
6228024
40782365
1443937
6359065
690291
94195169
690294
4671545
690026
94536387
4622117
690030
93356789
690031
73073463
2082674
2099026
5556012
6014752
6588184
1050519
95453731
2639803
2230199
104710568
42763547
90276605
42009890
1623995
2230151
919456
83788618
40830422
1525677
52249760
40453550
919495
919490
1771478
2525175
788446
1624002
4900756
1148913
952300
4048856
41256349
919527
41485716
68666340
6604700
64965598
296961
2525217
4638799
952325
6850682
91344230
40553079
40716876
5474422
119459633
1263658
690456
4245842
6637949
41274223
69406013
70176008
1165624
690471
5146979
18735
5196155
6621534
1263918
6736479
99045341
854577
4721269
42584244
1772126
1772114
4327947
1395289
232014
232013
952927
2296443
2296444
42715374
952932
5474722
2296272
5753261
87887679
2066966
952834
6507117
2296371
1280518
6457972
952856
854574
91606865
854571
952870
4983255
952720
1165728
952761
1264046
887244
952780
40487853
6113691
936386
82136371
952790
40438704
130780714
4492261
4623341
3279747
42502458
1444783
52758753
89411227
6507442
4230033
41027990
50448622
6409111
5556919
4311719
2116304
4131533
42977402
94572373
4508349
1379049
42698870
51447825
5753684
41191792
4475712
52430887
64768214
625435
150373344
707346
40487286
2198272
52856836
2198274
953123
2198293
106941799
5229426
5933610
42699006
1788515
4999728
1788571
40356073
952984
2296507
952980
871062
1772216
953000
3312500
789323
41896241
1198914
41912620
1182580
6605581
953210
83152768
4164528
106761679
4279263
94702022
1215614
1182844
97421758
42307318
60608488
1526895
41946645
96553302
4050085
1264816
2280587
4771042
52465550
40095586
4640075
99764450
1166596
3349
5999948
156664897
52504
1166600
1264905
6114624
84609071
5688699
68553016
85301
232766
60509808
5361084
6081970
4623801
150586630
19973
2559533
4558422
94505914
1265162
1265160
40881771
2509864
2559031
4443240
2558998
1444907
953412
281679
4033650
4131950
103746172
75794641
118180694
1771853
2296185
854372
5785909
5277993
4049217
5687595
952718
952715
1477008
2378146
1771923
1771927
42355479
63146582
19997
4968033
1265199
64392683
86281063
85953370
1085016
2575977
5164569
40373296
4984361
94948292
953534
363697
73468121
91163091
99977545
19646
98765148
888014
314568
96274800
1264881
93800831
5901490
773349
1182955
85243
96143609
94390504
42405836
1264989
1133918
5410096
1265008
117115787
2444718
6295024
2559415
1560518
60525635
5345162
5296055
4509610
1757165
5492649
42487158
4575303
73405550
40276599
6967421
41947802
153557263
4771942
4345971
42455734
4935805
4935796
954446
4526085
4608007
1249361
41849403
91182372
6393857
93312493
4575266
42767077
69742
62411727
42226431
41275912
6328550
88233420
70636730
4952279
1265806
1265344
52961
1412851
1265406
4705969
99175187
50121729
954119
397095
51367286
4820530
6868503
4706005
5820107
4525789
1379982
41733342
5394170
5934837
1265313
954036
2166507
4591456
6606673
2133858
6639398
50171320
626510
2199412
6377216
233317
61689047
41898648
5886124
2461989
40866662
233737
80811487
1429772
74044788
1757496
41259856
2429345
6361576
938370
41620459
627099
414104
3281296
40702919
92935226
1200598
52138697
41997149
1036752
3264335
2117544
233359
50629769
1265564
5820367
151127708
741294
152389309
87001732
5820407
2559894
67750846
52792478
66767940
99636560
4624615
90920410
101373625
6721747
4870384
5607662
4755700
2019550
52630502
5525663
921794
40997545
41570976
42111917
77125038
1888546
95818999
1053022
774469
4362522
152705093
1888633
84677739
76666366
856444
51565157
5312977
2068893
2249563
1512302
60428513
217986
89855704
938906
83220322
101651858
922540
6411204
922529
4903923
41783750
218047
92034754
6181785
6722481
41357741
4117476
447462
1266678
5542841
939004
40014239
873458
2249762
41932414
6689890
2577452
42012432
2444723
87197864
3247506
5475831
93554742
5656060
94717961
888224
5606885
5197310
41635791
1265063
5819884
98306153
41095113
65343064
1461718
1265107
888262
1413886
96245584
42094703
68310754
110351464
4035391
2249511
2249523
85710345
106861896
1266436
1250063
2544443
150002360
41013305
2019922
4035182
2232951
91232038
1249870
68523639
115479691
4313651
2363984
152771425
2462299
5575211
856716
5378754
72406724
4166314
109466260
4101165
41473635
4854870
87593255
87075
94114235
5166
40162891
1217571
93098425
2249749
1201199
42718902
2479130
6640685
873540
76927198
53911
856720
150575718
742056
5460727
81843781
1200823
96081686
42258474
2413214
922293
40800465
1036976
4804
5132930
97097476
398035
5640833
1430218
2577522
79073504
6476863
52614976
40048139
939111
1381479
1250407
6345749
38006
64133032
38012
5575891
41719806
939405
6542830
112579369
4085153
4183452
1267125
2446735
87232670
2200975
1562018
42686269
3315077
87482
3266034
86970593
6722378
5559143
2544484
349006
922454
4854546
922452
6624007
955257
1266538
50615600
1037874
41767991
86840162
96392171
4199971
41587729
72307259
6198827
93950789
4839062
5494451
40195207
2283201
1267445
6133417
6690451
2283223
40817816
2266915
113856974
1218329
5281602
42358295
2118835
5641420
76533779
94572807
2249880
2249886
42407489
660685
78942332
111366762
1545432
6182016
2249920
2544070
938494
4198836
42783611
381437
5099958
1200622
75028095
40947833
100587506
6525515
82187976
6312541
2544227
4919820
1086762
1447260
1873239
41949135
890207
2200957
4216098
40359683
890219
52696652
890212
98259122
90329096
133911185
50255762
890208
5952811
1873262
151052024
152329965
3282894
40965517
40834449
5380178
956424
2201639
5019715
940062
107044464
40868473
41818722
2201607
645155
81370355
2201613
2201615
38963
2201621
5970031
4478973
22459
91034284
79205243
1546194
83252027
69014479
956380
956378
2201591
6412215
6707078
956396
956395
956387
98750989
940025
2578384
22134
68162158
2266792
2283187
5854923
91526124
2578110
1087113
42226715
939692
2201230
96064377
1251035
906951
1496792
2283251
1513158
2249928
595173
1545467
660747
74977660
660742
89690196
660743
2512168
4969816
4740444
90558579
50796062
660752
1496329
922924
5051759
21795
6083957
42227624
55438
2152631
2234553
940198
4348034
2676968
6953133
2611454
42293855
40442507
6903199
1398252
939504
1283564
40129644
6477421
93311902
955925
88413018
116920551
6559297
6280817
6297349
69636928
41293061
87757497
156884701
5003210
61445154
939945
1677057
5707598
5592952
1267490
956216
84808271
40506671
5936924
3299196
890715
203363
203365
73063980
2251355
41605127
5610196
891535
1088155
40425700
1907343
2120378
2120380
5003985
891536
563940
908027
50206721
957192
6937465
91102834
5741430
93494966
5872508
4119316
2136845
5167504
956910
2431438
6740362
4610474
5265826
6183334
2251296
5642841
1677846
6019658
1038874
2251319
891419
67853700
5331392
6166987
1513857
2021766
6085116
42048298
41769937
301492
5970412
39358
4905358
907722
956865
5314949
41360288
547697
2464604
40294685
5053238
2022300
97050178
2431919
6200277
2382772
629661
5037016
236439
39832
6151111
3267500
60201011
42178853
2022326
4430840
40049118
2251316
1399309
1038871
5577292
90021748
2251289
98476002
135385644
4610564
40261674
2251378
93151198
662097
93118423
2120321
6462150
6724301
82484781
93527896
957149
4627093
2136820
4283033
1219275
52959730
2366147
956487
150540469
42179281
890963
5904443
2119754
81616043
95985089
5462056
108518923
40802833
72817878
42785289
5576915
6544608
152573343
4070579
3300541
2022542
82237558
96803165
2415805
72489161
3300488
2268398
1957057
892143
4545699
4644012
4447405
51813905
908550
76454275
4283726
5561679
957239
2120477
4463482
695118
5348119
4053882
90922504
547691
547692
547693
107781386
39783
4119374
4512561
957307
957304
82483841
96033749
82762369
2481750
859766
384633
384641
384643
41245950
70064829
5086939
41508078
5430991
4120222
40852683
5824254
72227558
5871891
6379818
74456354
5429508
6920497
6887728
91036726
91757604
4806952
91954207
2529603
97901744
42458091
40262408
6445325
5937444
99900554
2202018
88459
6920676
1269309
1252924
86252310
97262583
94264226
695862
1678884
908851
95296490
2465377
5889553
4365832
4267533
72276511
5987849
107370546
61562365
908885
41655329
384607
4840979
115480705
99490694
957441
5807177
6118476
6495357
695353
2792545
75257893
101997170
4938787
2546761
42344169
94951901
924793
777331
42229503
1252462
97704275
77437367
2252055
679216
51895852
957746
2284896
2203005
42688506
1940846
6577424
76487163
89466
449914
4529465
1416554
1187223
466304
1187229
95655960
89921767
6118882
40984505
908742
99751970
42868568
150574382
40607666
41164719
1678845
41721754
908799
5545556
40836206
6495847
67018222
107042930
42998106
87793385
1547201
5495693
91741865
70606805
99769875
891887
1203169
891898
41687430
5168053
92821896
892955
319526
8227
2138127
2121748
90924371
5152886
5595243
41181748
2138210
4513806
2138177
6692866
2152653
119758804
40819347
5724496
1202456
62528182
5790030
2087173
80289252
3299591
6457
41278286
629046
42687427
1087833
1236940
6086531
73697
41295252
111728960
63085617
4317108
3284933
93657698
2252835
4726858
958474
51389206
95774136
41345659
1662808
98343577
87120508
1236828
2269051
1236812
696175
8048
696187
4185933
1187695
76126985
6201022
92478306
95247172
3251904
4677301
3268299
60808350
941835
2416429
1679122
1416987
42917275
2498352
892698
41770341
63528145
4382559
941840
7982
1515791
1958147
6234492
152791096
4694368
76359077
6234487
70935827
5742951
2384149
2580767
5841178
4153719
5481032
6251073
4563552
4071960
3285532
6562395
65888685
41934901
2466184
1958315
112781071
72934886
1221086
729563
965054
1161635
2161043
1423777
965048
50903742
93731886
4356483
91864224
41154955
1539093
2538528
1702934
52100874
2276368
670768
1195052
2276381
4389904
87472481
51609419
211802
211801
441181
211811
99565191
211819
85556841
5847851
41564431
61323486
4160444
52263058
4094895
40401404
5471178
40779466
2489475
441504
98859337
69974149
1162405
965850
1834190
1277125
4750484
5258416
93288813
5717171
92977518
965865
1834225
6618250
1047776
6913171
2211039
150599153
105429825
2211117
114867158
6225227
2440498
1834280
1703206
3275671
3275650
4553726
51460266
6044641
4422529
4340617
2456555
3259364
5323654
70565870
916439
6765496
916458
5733296
40335755
6748801
2374437
109854094
94731948
4881241
4111144
106757443
4438886
42711483
3275524
105823604
41646407
90848801
4782864
60571147
94779397
1523124
2260362
2260361
4505078
5209592
105872373
6340061
851404
41172912
4521359
916930
118683958
116668634
42040498
6291049
118389068
6618671
1228352
42777822
64896397
2489969
573021
2113145
4505112
116291760
1244790
42680262
4373772
1129822
5045549
2293065
2293071
4930868
3259824
99825763
69925311
2424820
107166134
950229
2375621
901098
245743
6881157
92240530
41598349
901114
41319822
277599
40697392
670804
212065
40091140
2260041
2538581
2260058
5668048
42548738
97302875
97843530
1195187
2637465
2293392
42990652
409278
1392301
3260043
100662081
5029619
150664757
4161261
2555632
95910767
6487739
769744
1195766
97041196
60636746
1703418
4603306
933374
1703400
2571738
6766180
6028893
66239994
109738116
71367250
110164100
73923196
2260918
6619121
6029249
4521951
6553551
87587476
4947960
1245093
4145148
41598386
41369020
5439137
4308802
6340460
1195782
41614694
119486526
950061
99662529
4423541
5521174
41549119
2293317
41368582
2522716
6864403
2293342
87391049
1408641
2637492
589462
42499114
4816622
2522767
52886927
2440842
76692029
2572139
4275985
6979390
90634800
1195852
491352
40189189
115980682
1458035
4800289
40664349
2375511
5504813
41893371
4718543
4587466
4079535
160336773
42350965
160453897
159814114
160523344
6391430
151900853
160454281
2285226
160486301
160579111
63983287
42100598
2294502
74784096
93618909
156820338
88632197
83543281
160233706
158390029
42906088
115761325
1228008
41945713
2120475
158702516
6354493
4658464
477730
210536
959392
50063992
111381667
117916349
41806160
2131213
4006127
160764530
157818253
160826170
2142532
4374128
5893929
5052839
160873828
160795980
4693650
160755909
161089786
161103319
959500
6822598
6860562
91492943
161109257
41711606
4705154
740036
72680912
956907
6249829
5785427
160104179
103228835
2543902
87795948
73349444
288724
156870203
160827630
158782206
5152826
155997889
666132
159575170
91062478
78594893
161842143
42538765
6337584
97845675
162030011
161874031
41727127
72092582
150433340
1626635
1756886
50302417
156893250
161884622
162129075
41767479
157217098
160566177
162086478
96524556
158823755
112099019
152821962
161875486
162028909
157293951
162077464
162172131
162133406
2296425
74152486
40307095
4820295
161820747
162131213
161063129
99742568
161059581
162661227
6590855
160377353
162064613
162482217
162044411
2120315
41283052
5804692
162664564
162342818
66779884
160795268
162182175
2459649
162180930
2280610
152674708
2233857
160586579
92998238
156745231
4874667
156662767
62467637
162690324
162441672
157254371
64172519
51557291
162752925
162042847
5294854
2233859
70480680
42823063
162790419
162796322
162786698
160245061
132078508
51463131
162816518
157275659
76655294
162841517
91942867
75163814
6987597
162910407
68465960
161829170
162902338
6535992
4863852
2210061
63264032
162927322
162912624
162931577
162818042
41988341
2479146
162938771
5137907
162924645
87387191
162930351
42233867
161095551
108302850
162936576
41195638
162890450
160495945
162958830
4114179
162943958
162942004
104979068
150349797
1277237
162970500
944783
162857057
162975971
91123809
105988587
91697404
41107913
2269397
62337358
69574542
847540
157775135
162951378
90582745
162958485
162997192
5640610
158782900
4693300
163002926
150036296
859497
162918852
162180939
1196045
6259828
163090287
163012721
65193452
558595
99838313
6338814
271926
271801
271944
271317
283869
64732167
555515
163099961
773701
152364271
2359794
57078
103497592
162337425
82463445
163197236
111052482
163199690
163100150
873635
5945823
86891996
772703
6497098
103474944
162128348
2022349
41558830
159046340
162771456
5654268
86730177
110391737
75467992
163399924
41186927
163408064
116384780
161107426
159522109
163156243
163090673
938890
118499610
116568879
163364612
5313487
95468110
958844
242331
333799
4532742
160411566
162802211
98419873
89898905
163137931
163918986
114196227
90453572
5763350
41905919
40068493
5071050
920832
159282481
908989
73131243
163591203
921169
716720
2073215
159481700
41800981
71994992
41405552
69034075
163969697
93078918
6314446
163150860
163334615
164038861
156479561
164066746
164048978
164000758
93388695
41735435
164175627
118122498
40470345
1457200
6473198
163003103
164209563
163400931
79905283
51102403
42020169
164277566
164085730
41582612
163975270
2160370
233358
164330995
158873162
156821434
2232681
2098674
164373132
81794081
164076656
164196666
41665329
2019926
85553853
5858624
162109308
164477804
160493766
157388937
4015130
164515644
94977874
164265227
51244354
164183850
164458562
75373958
4967512
163513422
160522272
164202260
152334837
41628611
100013591
740000
160840422
83270621
154107257
164462437
116616615
162817755
6871427
164669814
831729
2280598
91751027
5816521
4298709
4292955
99481692
2212065
41240242
959323
69686128
42611037
4519204
50376295
6704528
41212743
164298692
164756264
164805372
4295424
164857009
164501427
2252836
77181286
164863364
164858964
164894402
159384345
164893148
164889442
164473859
163576175
160022253
72984054
81159456
1958371
41984895
40805028
42508867
6971553
5316738
2138358
100722391
6725823
2269435
2269376
2253001
50340843
2253004
893175
549106
1941627
2367561
2138199
2089062
84567437
5316822
2302127
67888279
40477428
4120737
925869
50094672
41919187
1941676
926059
111306711
90496
6316526
1270172
6693367
549265
57758
2253184
2253188
2122125
6103002
42786059
4218825
40476133
90102468
110418228
6512577
2301830
2301835
2301833
42523939
2301836
91069150
88644337
384959
4268026
109975858
1859547
1564638
152819635
4841184
384684
384681
4693739
384680
6659787
384693
384694
5873389
6201062
40279207
876234
1679061
5037696
86645753
286417
40623283
50191394
4349597
5186261
2417342
2073219
2073217
6185726
40214722
42377270
959163
2269844
6972113
598711
6546141
41083063
1041095
5825169
41623732
5677705
2286273
6808205
72459963
2286286
4022992
91793292
2286293
5857957
6693735
647962
303901
2253624
910121
42410480
106915112
1221480
4072382
5448658
4596675
1926038
811905
1926034
101557653
4432856
549804
1926072
1926067
2417547
90466006
1926063
4989945
1270694
42737998
4072444
40837537
943067
271320
271321
4957098
2450369
41574812
95118924
41492881
271353
72605777
2253915
6874345
99115371
1451152
2008209
6087886
271519
2008194
3318929
271527
2008240
959677
1287337
1500328
271558
4089084
91759038
2532590
6218897
42201
85074376
52815865
1156349
6104243
271595
42228
5235204
74329
5153322
2073211
40149006
6382095
4956731
2269859
2269863
6365929
6234837
2286256
6693618
6054601
4022955
58427
91196
6104162
6251532
40052283
42641106
158870823
3269713
2516043
2532425
42657528
4563716
2384742
152709721
1925970
40542522
1532737
91448875
4498213
6071103
94691751
9222
85483792
52406024
664594
6317177
2483209
87777559
3302403
5235837
6071400
4908158
42378931
6038634
51800047
42235
6022486
82764259
4416845
91447398
5317964
1500424
6006141
82993621
94494861
5793130
82076114
41756482
2254178
6071778
1271249
84123857
4433296
9690
131457546
271844
50620129
4679087
271850
6595986
70476150
2155881
1975631
6743354
4089174
97935550
1041765
271720
74801432
271734
6006060
6202846
5171136
59288
42558743
960422
288681
6055909
943629
271875
51701023
271882
960001
271894
88384338
271891
206372
271924
271925
4793979
1271334
88630143
271941
271942
9801
1271756
92594784
1222649
4106182
50554107
95478345
272389
42347141
2549797
4171835
4810816
1402941
1189947
1189944
5138287
927528
4187920
79127434
304981
4417297
87351905
6055683
6825738
6989582
73098044
4794175
84533872
97575593
112025650
78307851
6170364
2287250
4679423
5940960
93266795
2156243
42411397
67379976
106946890
6743920
6711368
85978415
95743372
42003131
93842909
6219797
4253708
41413155
1173574
62663648
106212873
97201570
41544213
4483126
40512025
80882770
5318869
150659166
6858958
5990652
6482117
4942051
6531272
6662347
3287177
288954
1222865
98118942
92363
1534171
42265161
153660576
5596638
550275
4023728
271754
75150
5350849
40675323
271763
50751121
271772
6989297
271768
5514697
271771
61466122
271783
98689095
88219883
271789
4924896
1271228
5760487
271798
271799
2467231
40151924
1222920
4090140
2418956
78278019
5728636
4778341
4647273
105525093
6973787
42691512
1222949
2533735
960842
846154
97430659
100281515
92974300
6302013
305498
5417271
93744369
665952
846177
846205
5957926
6154528
26186
960069
9807
271956
91628335
2614850
648814
119136616
5957154
960119
40543248
92726265
1222291
88253376
1533596
2156212
4843933
1485256
6089091
2042367
6220223
1993210
59879
99970076
1436156
354799
2533846
2550224
895476
99920911
5810595
62286271
75296364
1272324
76770589
5679576
41462765
6973949
42920748
911807
1223080
911798
960972
1993175
2533945
1993276
1862207
1550899
155804519
1993259
27189
2550289
71741052
911950
6203931
5122569
1993296
961089
1272388
1272393
94498753
1223283
207052
5023901
92373
119910385
1272051
4204707
5400753
152314352
1272056
6580363
1222886
41151111
42543740
1222884
41380493
6891881
5941587
2533675
40413376
2353891
2353894
99626813
1223364
96399208
4074207
5155500
912105
1256180
6794180
2157446
404385
2157454
1256356
92040902
4533128
5827477
5745539
91664020
2206667
74395544
2288604
61057116
40955515
683009
1256451
2452539
5844081
2567190
2452503
93759908
63057905
44092
2288207
2288205
5581359
107277343
40134682
40003613
1223318
6204121
961180
1272448
846484
4008613
5728974
6974100
51832854
11009
92933
2452269
961282
2452264
79130554
95481505
96562901
41298285
69660420
5712755
4270955
961317
1568057
6794568
51064377
94136484
945483
6597922
76229058
40054574
5745934
41004847
2157951
2256194
2387278
76163559
6417679
1092963
82487308
40562304
1371386
4680872
1371365
208117
6204576
5762385
1813768
6630780
63401692
716055
62058133
4452025
716533
97790680
61942945
716568
1568525
5926726
52849666
2518784
2256645
2256650
2256652
4206448
97479416
67922740
52374565
41135438
5861144
73640740
5484314
2026975
2141669
716227
6253952
92219550
6254001
95545411
1519077
4091336
5008819
6794850
2353944
2157417
5335816
5106494
2157398
4139844
50145667
6450151
1190809
92450319
52717754
1174414
97970581
42774208
5663769
289874
83830941
4221988
42626785
42069741
6548495
2010213
5205044
961668
863606
42233851
63417925
42921737
4779460
40939493
5582284
1453493
67774895
40120276
99248220
73132519
962155
1437309
1257059
118450557
6368796
1076883
76442142
98970483
5615299
4107933
52637623
699542
42298904
4041885
1387705
76972
2141337
95201552
6417572
4074744
2223339
289998
40169128
1092829
5106819
5958797
2256121
94333251
41660063
42824403
2256961
274530
1568890
41562645
2256983
6533356
1273995
5746443
6090558
1142644
962411
2502465
6926094
12140
1257316
1355631
1257327
4468680
109324553
2158478
41151606
41331810
5434956
84781867
72591994
2272777
5369468
5271142
11835
716362
4255240
68938325
40365260
6549198
6041315
421575
962243
42511430
2518774
208598
1470144
64302348
2158335
4665007
716536
716543
2207447
5583195
962842
4206934
95073458
2142521
2437435
61734
5632381
1257784
93861044
4747632
94188760
5058633
962591
1257477
4714585
40153689
150567096
716879
6942766
1568861
122910488
4583445
4419607
5042391
2371724
962722
68056252
5058809
77853793
155351424
84014533
274627
5714050
4927635
946389
2011330
76510289
2290095
2290102
389531
42218300
87307406
40530860
3289596
1225207
4699250
88584560
963635
63420302
4764675
963672
4518942
1242228
2192461
2192460
1553509
4305970
2143316
4191299
897696
2503307
4715240
930495
98252655
586429
150370880
75855422
5321455
389832
41447606
92714824
930517
6976138
3306196
66826516
85227494
4617161
2192304
41578985
45972
41234920
42660139
6960079
963496
99120704
4109207
963491
1504160
1815461
963535
4174827
111441273
963566
98232948
1257379
962487
5762965
2535393
6254479
1257417
4911019
716777
94759488
716780
130132014
42265972
2273237
2273244
62174135
42430664
1225288
5517832
40316933
5009966
963187
93501196
5272306
6992585
40005983
6484779
74643238
209749
4223769
930667
40022277
5305150
4109134
963443
6288160
80705351
963564
930795
116782355
1537008
1537021
78591828
209922
6124631
2192439
1520648
2192384
2192397
42266737
93812577
4240054
91551619
4092613
40448151
209660
150436855
2503460
963338
41955717
109426063
101856543
2192183
1192715
4436831
5092176
6648699
2290433
61337729
74938177
2258163
81719306
5076123
586961
40875696
97726771
2028790
734434
2454732
5158050
6059187
41612938
5829801
1864943
1078500
2536659
2602201
95383889
62142132
42973069
150092052
4600232
41890702
93353063
2748880
209405
5403053
750089
41250928
1487374
1421834
4960873
73987661
5059172
4305525
4944499
5781096
51180860
67252809
5600807
6616601
6125090
6272731
42955785
40350957
40269040
603793
52098435
5977558
914818
4781522
2012602
6665678
5141985
6190572
97251455
92909631
4781554
964019
42317639
42743630
6993321
52721389
119010009
6288780
5272969
898555
4666801
2504224
101986328
964122
964121
95777
6026874
4109853
2274821
2487461
4666561
2438313
1242247
1242249
97595724
652459
72577269
2012336
1160352
2258065
40089301
2241761
1570003
105394830
2241764
63600386
111506030
96859289
4632869
41562908
2142534
2142537
930170
42365938
930169
51802734
6058277
831862
4207041
962956
962957
6828526
4977091
1225115
4780485
4584725
914783
83456417
5649679
947566
4273445
2258247
92893433
30067
701823
80146867
1144167
41383924
95055918
2258344
1258904
5420750
4732654
964265
964259
67547816
964257
6076141
5977834
51082681
423603
87372672
4961935
4044523
849644
2488007
964330
1259334
69251907
6076217
89682475
5895982
89993764
42726659
6961147
915359
1488159
62387899
1275166
42973084
40843121
72348015
41957283
72757616
1864996
2258206
4650360
95551
42318426
5535933
76086395
2210014
40909689
2210095
41827185
64649935
2210106
4454753
276771
4290920
2029877
40467288
42742885
40137870
1554144
4601531
110326165
42890627
5437249
554771
42923408
2569991
5863289
40777032
4683639
65123543
4503921
1374499
65895120
50969142
244034
51575391
41319206
915806
6732085
89242631
75463972
50592364
52378223
90995728
6355231
5322699
6584319
107295230
4470747
4306915
210858
4290545
77673232
73266158
6977503
40990150
374734
42612048
88355480
5683126
6174650
94155372
87585480
80690377
154874157
4061223
3258412
2013240
98385396
151073073
111165081
61995914
51264309
156594455
2275435
636997
2275438
30798
40106550
2275450
2275451
4405278
6076417
94289407
2013297
2455636
117145217
101678705
2013339
702609
86965647
1521843
2259080
4159629
1259684
2210028
5257345
40876728
6502586
110001751
6994096
70352385
6896215
61061602
391759
4078195
52427083
80854660
1047150
4487718
4143706
5913137
87375796
5372632
1571276
89472137
99286030
116784912
52837056
2439646
5470636
83951361
42006669
40106096
1391115
86900495
69254664
115915971
40450118
4537045
101022883
60471604
40892582
107592867
4635294
97730313
359128
70532842
98533180
1571217
40025068
14753
5407937
98949646
150354979
76271444
152555541
40784700
152400320
5046549
42198587
2004744
131928379
119759542
107997290
777199
115120270
707283
96913246
2548416
122132789
2461070
237819
70703
5790874
72745046
6136019
150354380
2285407
4468649
157387895
71559114
6463880
5961692
4452304
42965130
6101024
1224134
81439517
5883202
42645557
832047
6261949
52048748
41223649
6543766
157356707
2013368
88900302
4323934
40643077
41061657
72184124
4670046
964146
1815304
41253329
122969340
646993
5198386
157372816
3253292
62119943
152707534
52475815
97192611
411604
2230190
52556
554820
90685882
5068796
5251871
716628
98236138
2376660
6822283
95527092
203368
112125945
1815343
964258
157388786
5622460
4958679
4076248
2030576
2507189
152333637
90019996
109481356
873457
71636111
3296181
6707755
6558018
4792828
2360946
895074
6008232
115374305
1111552
6392964
1074295
2069485
2353945
90846705
6379513
1143430
963477
4335529
6051525
42891100
628576
4136463
5504753
71787282
4984032
1560326
94051273
357830
2280620
4170770
5843699
943034
111585538
4049664
5437735
769755
78131642
66204
2649751
93754720
4477961
1252032
6021736
6554287
2494309
5559417
94363238
5128086
42325732
99005532
92027046
5271947
157300679
5215731
5952073
12257
95916428
81589832
112229344
384965
419628
64550103
770067
2506046
6864127
6403834
739962
5063548
41138192
6563622
5085856
6040988
2075690
104482089
60065196
6255154
52933304
3252104
103676678
2261463
5156784
91601395
102769116
50493714
95181779
94017099
6496331
157137453
255900
152819740
42208511
1679020
2256469
4786132
5356856
6168219
5272539
547670
60229280
96528531
666130
6444438
888069
80699524
94633358
88183525
4030336
2011072
6688837
92940591
51087452
96814906
5723702
106770400
5440903
111604447
157388848
2486148
2233820
157746189
93155
69268590
1049604
63993493
1130650
157323243
6636978
2274973
233689
41663779
157280700
4451626
52180766
103436542
150567525
1703541
5526927
98628938
5511770
96513982
42206972
98657683
73786532
97330229
156174348
93651523
5072148
6952558
157759492
40313791
6273619
94481641
41987756
5939820
82837753
6748925
85700886
623386
40402309
97781642
2163481
91481863
70565753
4763932
4051689
102441443
5979881
6054829
831737
5297817
863604
885586
1661923
41868157
936297
916965
203355
206059
206060
936384
6695683
4569834
41724773
959526
959594
2269867
962488
2206672
1195785
4061697
1270565
6229900
1287330
95870454
157057057
97000617
82709802
2276367
95742659
2022592
2122148
157781356
2258110
41384696
41557262
2353656
2011215
79852114
5317714
94307788
6168208
4799708
76970153
4157161
4492258
40907287
110499460
42345599
157282757
4289412
157762706
6263375
157785083
63274528
5311977
4309123
3272403
75795043
41416660
40162812
5105007
41558369
4574535
5268844
157301376
2234795
97044836
1474438
1387247
42344825
2110605
42426763
94268382
84095675
84690895
63445067
2089059
1411839
98968273
4589439
89807531
98361771
42871937
72243016
41960236
1174558
5987996
62421008
99610146
2528315
6085893
41960312
40146934
5904995
2069348
42769216
157241955
963398
4835681
157779946
112671883
41296846
91468646
40670521
52154715
114657122
90493180
104560989
5588530
105217750
4664978
2481977
152322264
1561726
3296505
2266917
1266603
4259558
1757608
157808003
41892692
2256467
92660227
5300028
50306638
105823959
41781768
6090109
271753
41930698
119117048
1456296
218026
4241665
2233856
41171901
6968518
73996811
5422742
40055183
119375950
6633916
4693704
106329422
909886
6765639
5273310
220274
636576
2301844
5313993
93590232
40094668
97445790
5248237
4011656
42605869
2152602
6233894
91618256
4095225
82459465
85572306
40141063
42302924
109941586
40117149
952861
2147189
97215747
104143767
2166385
5968544
41366978
2232491
5807952
96992966
90461640
6364953
157828160
158369506
157836287
118990196
2446182
150565037
126418197
6520891
2483849
3287635
109463271
111010673
157206838
2577268
288408
134544000
1244727
1257318
4184386
40392879
40069775
4737182
4715188
96062600
158368076
40829037
1206145
1265200
5334963
157827970
40182201
2019917
156805733
158384463
82813162
4254340
2233000
6112810
1958350
4834784
158401624
94070195
5359104
1088839
6044339
100463918
922062
157384863
2004787
950218
68931839
950339
339492
2159088
95611731
40853460
40354890
943127
61289784
4857482
1268743
2465009
52019614
91096792
6146228
359403
97299916
63447832
2117424
71156172
60222871
156819471
4392456
1198524
4149487
1192386
1194152
1192380
64259479
158467761
98223724
40193418
943876
64566588
50041982
64180734
158414204
158674663
5965486
2499593
2075772
74318572
97915224
548209
4116044
5181300
92559496
1974718
92664479
938908
939003
938914
90579784
71076784
41731477
117895817
109298322
117245392
849645
77077883
849643
849392
92188325
74547483
5837219
41276807
5798712
109259614
115713054
963341
96305900
158690657
97244515
95580871
41538894
41411158
158665523
94120834
30369
4057822
1081644
93993752
5871014
5557641
152774770
41798975
27096
150539563
1194917
3310365
71364281
52199517
4028237
96060863
5163533
86789296
97898751
62428922
41831592
93224098
92927568
40252825
2249744
93261263
41916710
41573882
4153107
2555793
4251753
6862189
158704398
158692482
4113518
158687265
6086028
89154140
158691834
95908234
51683409
157807568
156774261
1511652
1462701
109398302
2469209
94126705
94758550
64364852
154870050
85651869
156742424
42814932
2120394
41064776
158748288
6086493
5925920
5595032
157193729
158435634
96531340
1244394
152819435
158656904
79217397
99868192
75988952
5521258
1450035
2292328
957437
939693
41858924
105768415
62698888
41675749
40923462
100554204
938917
91595427
157234695
158745279
91831755
6990123
4169071
609702
95882997
1491980
2428341
42532103
158829635
90006638
41732967
1486366
952876
5605482
66607028
2739641
110798131
6582329
51233515
210463
158815669
158834029
42495776
6703096
2122153
5983755
158739744
42739601
40960645
158752883
2294806
158469676
86124672
93052170
157790295
6878207
3287710
42383881
846180
40850202
85216468
1464461
158864513
40216358
69778327
91744848
42415731
90532938
156598526
157765995
891657
156819736
42233402
1106536
4392964
2012674
281471
99159603
158880323
52750963
772406
158862566
158865761
549641
586083
91567595
93142
1222736
5522101
41825978
97378226
4155520
157847385
4222530
91320105
158467055
6916145
128831274
90762897
40792166
271600
5038128
158889489
115999384
51081044
275380
23810
4624708
5804569
40723930
94279505
64441729
6834493
116215895
40485370
158916090
158921717
158922628
158866752
6296741
692892
63891178
92523936
158368637
51542880
40841778
4194792
42046512
40377659
1173843
158933245
97438940
2212100
152301175
2012626
1263795
40900592
40782646
5690073
94565182
158916091
106794677
158943320
41422564
2013281
98233678
40760851
5815166
158922515
51354810
40753904
42388922
6927685
4467200
6443428
94181995
51376636
8682
1262706
6739459
271832
150581638
52066637
4551117
158980297
4529740
82006285
159006423
52052028
2260700
93927021
40465255
1450925
6443253
1731580
2249693
42274422
40329088
42267796
95061630
95016885
41583663
93081945
6809202
85099669
158823802
158737910
94003721
6002437
5436279
5702538
91054530
40025701
1512495
40287211
93589448
158930862
6588970
2570459
158657678
159069310
70846528
5934116
6652949
80682528
2032438
361544
158890038
4225584
157083809
1444303
274855
922920
50039762
158645990
40503134
52333201
1200342
150536523
1365871
42142137
2490868
99764930
6220211
95589849
95248169
6754096
90873998
2013522
158776004
93056561
40565791
70382681
4013156
2013484
1489604
40213036
6141756
159013809
40090694
156780484
2073223
150013238
158391034
5007479
158946206
553369
159057744
158908517
159159216
152404369
158757253
102462469
2269440
3304009
5729723
158805416
86168255
20326
5532994
76517578
158803822
94624088
93765683
98676899
2578519
6891048
6591859
4063596
159179138
5246147
104402661
2120357
6458232
99566156
42404228
159165341
233361
5714936
90508375
2197115
2261518
85517945
21994
159070699
158888174
5473901
159208491
2525544
2266808
3296508
88206339
159209613
157761625
95720842
2111651
152667618
91103642
42729397
41495371
90867450
1975636
4371188
40155947
6826235
40001520
86301786
5193124
2403778
5295696
6174629
110636061
1865123
5781273
41015213
3275106
6411472
1176658
1865140
88337431
41525128
95543846
41681181
5001269
694948
81907908
100723167
1815447
86921709
1190775
93313782
5469212
40856760
150102733
961303
52124213
4312096
42928287
93391325
42423382
6998657
71657258
42986391
6301727
1788232
2138250
1850172
50928305
5182093
109263678
6765237
83825898
42181255
2164840
6929599
81323943
1404149
2359662
960452
80393286
4366444
1269307
2180173
4619315
98055766
90266013
92501353
2138342
4217504
67239107
719873
83575297
134478054
4462259
40101648
104367992
41406758
104672723
78212595
1559079
90875703
4888552
2565317
5241262
64772746
232024
5494438
5436228
4200357
79951541
85595573
2199623
96063940
2395467
5827604
4238521
10671
80689438
6217745
6244659
82986454
5582577
4509802
2234596
11342
52508549
40655385
962302
83923
79585552
1678544
40046932
4695626
156598515
2289205
2234563
115839362
41126248
150564771
42608746
4422219
2275735
65201500
2371328
96356832
455269
40512124
6162389
1269306
151631423
96691206
104980669
2560876
116096400
40323413
1391118
97598959
63389878
110918403
94914
61845896
1271906
52347134
124270912
4207686
1570474
40069481
156689320
40846665
156680095
69417316
883124
4226506
771431
2574823
5071987
4090409
4493203
61239909
4506077
4650307
51374748
5193473
156768626
4536152
41516510
1379107
2234594
90279765
1147375
4018996
41454314
5380957
82254088
41642212
4185223
1499271
85165173
6159897
6555954
40677277
5002683
2359574
5465102
1570437
908849
5594410
5453968
51044326
2234602
668233
2268763
4286244
150561014
4719888
4622212
42201508
2376522
2059128
93021603
97608063
67537147
5985550
91807537
1815425
71283752
41025978
98833867
99793463
6533350
42150620
4336630
109767802
41016686
85117614
6378506
20218
81202268
126488617
271525
878498
4893959
69632968
4407145
40332132
2155907
4095413
34820
1813819
42828726
41794871
94354551
1815334
2146540
82611251
5586172
5186230
4048791
2287321
547631
469161
84593014
4558319
6705206
770373
41458575
85721507
412731
88005903
2410463
876315
873451
873553
873539
5671481
92544591
432034
66378315
1262772
6618076
82022912
72683305
5572723
4467676
42149667
51566208
1925636
5708048
1560637
1563549
91234238
42548289
42988158
3314316
74245569
89486353
3248279
271841
65011077
99449456
1044109
98720831
95413094
97253855
51953228
112521241
42921773
64117645
50944389
5639342
62221002
63013888
32888
92375693
42863376
4819462
4624601
40964881
1236821
627805
5900332
5286909
70287477
1178555
6807637
2210051
116131872
1196142
1443067
5786511
118639350
6424690
67340205
6888892
1190789
94141542
5056977
2486651
2249540
271746
849069
6008830
1926098
1277804
41626541
931446
897115
5489798
922547
84294610
963440
4908553
1151875
98935609
699044
1241902
6240424
74505414
77261457
233333
5464367
952896
1223850
953481
2120293
79728819
69281307
3254760
97066068
3270775
52643612
42026395
1263886
4581418
6100367
271553
95797170
42763062
775417
42197939
92339537
72183933
5704445
6016975
88594352
152720153
106229666
1490337
4360944
93016053
3252423
5063532
69692365
4282088
74385007
93862052
6338506
107559245
6095263
103506011
93903561
52842595
51781053
113322456
2429000
51077172
4734047
63983072
858005
5929969
65800402
3313173
42393549
1267294
40904703
5596841
4874017
6378771
65627693
65680902
5208822
40600329
41003104
6244348
6308764
95535922
6607619
938824
5456254
111136469
5746118
51321647
6533903
1224063
51104198
2562826
39782
40249767
40234276
5318550
120703189
4539999
5878051
104357208
77386860
6463193
2163450
5249043
5074368
67141
113044865
68471561
4357198
2277104
93470027
133627363
137279875
60262048
83105461
4383698
2280545
40438116
4648431
6204943
51265173
150362374
83393920
97930512
4160008
2023182
4616776
5673712
42474798
1771900
40034008
85351909
85508645
100038329
42442
5521743
5338704
81298
80252512
4405977
6228348
5868614
2192408
4784685
50749464
2515767
2155873
1793153
2533682
5185419
5632810
6191198
951938
1257440
2571987
5216197
953388
6841347
2262287
5754954
6574433
2210100
84137542
1879276
82682
893648
2413091
4806602
50476152
1273670
5098134
2428338
623355
696603
5576842
41110160
119690045
412233
6247360
6673845
1538416
488461
280490
96393656
885978
2514522
151069738
876233
97998551
361297
150580947
98729833
4980731
111055115
91578753
87807533
92144005
91971298
92389492
90889365
96411106
5751500
97825038
50400403
5698836
129911543
93191560
93202813
96940087
94442480
131799590
92480180
42949617
4297533
156883757
2664361
52695777
806222
98584085
88675329
85813069
91959139
81648295
86122915
6320747
1495256
40992101
41227096
116014395
156894201
108630789
104928909
105782297
81514322
4097190
112405830
69743020
41867863
155384014
663976
40906602
41417
6365844
91706161
50683297
5243448
4618433
94213760
2599125
6612007
52813953
5347193
60496587
96998344
3313812
153990463
40091774
95596956
6552973
52737461
40483136
62758565
2371252
5750369
157036321
890650
40291683
2023450
959525
2011328
5928713
856159
40950284
288194
41654246
1258341
957188
2234561
98886808
1275238
27651
4782902
2249927
2489833
89403050
2783506
4694419
922576
157115848
6157659
5102992
96134025
5147043
5902818
83368055
3292109
5880573
99929181
271870
90447417
6034598
52585725
835374
2539173
2028787
1504235
24969
2152475
6598159
5245880
660686
51637304
2019921
3284710
2027818
96155107
129273705
42920538
73632564
71180097
4236755
954602
6208920
41020150
954564
41612289
61987132
954595
954563
40510964
6195760
41309174
86789063
1265198
1242250
1242251
5513509
156820096
156819879
156820089
156819509
156888575
94034544
6859732
99144434
95936059
157158816
52451121
2360759
1207272
2472287
157195860
1202045
2476054
1270566
2027817
6748741
93287692
3253722
5627989
90436272
99578598
63677145
4345473
88494858
69611358
4882470
2602131
42839700
5053953
156827343
6455255
213625
1269441
953387
1864900
5188088
2075679
4952636
69991717
61920964
5003447
6570
107289587
2287286
42575563
6782368
69962337
1277874
6521551
6901021
5762008
93532557
6632448
1864982
4650357
112107393
66807776
5157927
60078999
96179204
6231313
4928503
5299424
6635707
1926085
5761043
6352226
961360
52175376
2013543
99389782
908634
2177336
694574
1273994
2361722
2259089
4872123
1264207
1850399
1195853
848573
2160391
206056
1259704
890213
152529653
1532639
1039252
97063539
102081437
97023083
41156844
152729520
4687803
106302899
5142610
70378921
4253254
90260175
91748664
125778636
101283040
2534830
42948109
95994458
157062232
5251589
2432645
1266435
1288501
156774100
104848363
6628726
88675781
1483101
1788622
42940174
42897140
42253759
1258017
98804852
922922
2197128
157080659
42723934
1265170
111809949
1975493
107781015
52950376
4970541
101450784
92713688
92805067
2196062
5329082
39448
2232205
6733183
91598220
5345161
157162407
93336847
4307028
2234573
91669465
80557359
94909004
108207877
5294444
98062949
98125990
80667317
98170898
98189159
90846464
100782594
157278956
97691368
87495806
98996699
40724070
41603907
4921932
93509287
5704284
51126332
87713120
52035236
94839557
51175710
157286891
157205879
91276163
90253528
50684058
80719818
50686628
58508
50352178
5286670
41479456
42790452
42535205
271531
41339325
41289226
6317913
157183274
6252144
6471095
1424778
4646715
5448798
5976487
6929908
41609385
40226311
5354965
42554697
42832454
5324076
6351113
5630837
5657697
5616483
40111828
4233234
5361392
5383038
5530207
40711547
2396080
5642506
5116649
88993333
5990960
5646172
62126503
6165812
6021359
5751579
4988816
2231863
395710
42624226
41377155
4308267
6804282
157177544
6815001
40236625
41704993
40397769
6858760
4610623
5403556
41167327
157083957
838202
4297798
5765166
2277102
6548070
5686155
690029
5943222
5420783
4802113
2590005
42582913
1257581
2278430
2120467
4490108
5948366
96323692
6081338
6453044
2444721
5698376
2212184
4998016
5284665
6087964
5294509
6756976
4373354
152403319
2516178
4503194
1507133
4608502
1873380
42171155
3310312
2166493
2028174
96486461
846987
5845692
962144
2228826
4976575
1543710
2792588
2260691
2138341
2233861
4471437
4473884
4382881
4384787
5320926
4025000
1975615
2269834
3257482
4392632
156373490
877238
5157460
690219
2147796
936600
50133618
1267236
42673117
2210068
1245377
1415603
1270866
2120296
2155857
51747875
1426033
2249723
1266727
1099800
83111252
1641230
113492796
1441657
2152619
2507578
52237956
42656567
42285497
41265153
1481056
6778592
105691606
6785369
953249
91841638
6945020
40479896
92454981
2256138
6244202
2579203
5279071
93836468
40600400
6040118
4614714
157104430
6713649
99983861
1888534
150078072
88784
2027830
1492109
75321144
3303303
84143
157278817
95059824
1032267
847765
232023
5371738
55204
1432468
315765
1198526
41747640
78172756
6962897
71353077
81110930
66447228
67352178
77433256
82214665
77480683
77768788
82470783
78330812
78359104
73469357
68892127
79698557
50826373
64519844
52824130
51206358
60241851
60252100
60932802
61860438
42645199
50429148
50437389
42279618
41046094
42358915
41939712
41946770
41110731
41963190
42043348
41215279
41251685
41676343
42167056
40888738
41330651
40920809
41365182
40970049
6762716
6766695
6767081
6768770
40096771
6532037
6815757
40151154
40203922
6299240
40275546
40280707
6966162
6986281
6725595
40467455
5896482
5908253
5919480
5932525
5689362
6269462
6013453
5748411
6071834
5547054
5281661
5831708
6106681
5844350
5589527
4582573
4832196
5137547
5152244
5154732
4884982
4414501
4643786
4931664
4948811
4680882
4697086
4478703
4511474
4273715
4284244
5051448
4310217
2648206
2285391
4130056
2495854
3284904
3290036
2375658
4026908
4040931
2268557
4046115
4075355
2113071
2227620
2230314
1545644
1958176
2232953
1974816
1991976
2249643
2249705
2012547
2254191
2163461
1731478
2021501
2258143
1767919
2180152
2181223
1772006
2197715
2073843
1198498
962729
1287147
1357399
1236803
1236818
1263797
892958
233320
11102
395404
722517
271341
271361
271537
271573
271732
271737
547624
271908
597206
283011
92462
690452
220402
107232547
2294996
4407545
60006620
6587068
5969149
4788134
4620977
2202038
941745
8198
2261205
152356116
153645271
41007897
42438770
150575317
154870280
65926025
42509601
4982011
1287190
5613039
6293419
67282571
4641338
6226347
2261495
2546146
68088773
81964386
965012
109783547
6588220
42481168
4976299
2261851
2261848
2201595
107766294
93032381
42748632
42566807
40767065
41615733
40806757
40871303
6524481
40642900
6576771
6927694
5415933
6076207
5297086
5578894
6117140
4831349
4600865
2461060
2275135
1564716
2145498
2157347
2251879
2253919
2256199
955930
1187612
956325
962764
1220847
384635
393303
396205
271555
280453
220348
156827308
69620093
159136324
393392
397100
81649975
116525551
119421330
98923034
111914964
87065143
41923616
5777480
2261474
96350289
966642
2232678
81218177
2201598
279195
99693212
93788972
92358279
91447562
88715633
81233790
74554361
66913116
67515463
64977508
62360957
52615404
51860460
50964454
42825257
42828171
42331392
41824922
40997128
41006342
41138305
40929373
40963105
40694524
40427256
6858409
40009190
6750272
6575544
6472444
6389262
6243059
6141102
6165195
5879243
5688521
5705185
5505329
5257849
5261708
5275123
4859695
4682135
4190630
4008673
4035199
2293327
2278407
2283205
2252232
2013219
2028179
1224092
943332
908225
907536
892956
892957
892959
777570
770337
547696
271846
206373
48579
92533881
3245414
6444334
831730
93772494
2284210
68590939
963638
95427782
1289625
5375394
4743493
100700434
71551468
6140120
2252578
5918359
854573
63858210
65872465
4210251
77770113
94680285
890210
73838297
98283369
2261497
118698374
895821
1221290
5840349
41751457
64328168
41231781
69583379
2253918
2269853
5269604
6648004
42888329
90045471
5701758
5763267
79428023
890218
5334469
5537905
90455253
242462
80782218
962728
2258046
42555601
1925910
4439611
1199117
2223371
90378071
94564601
2285075
1239941
285251
92095501
4829829
1975408
5488088
76133044
6597591
233335
472368
2479134
925882
42322136
2266886
414122
962225
50690070
210387
6798287
6185450
99940590
41965600
5636234
40540561
82587378
939007
6344270
6662017
5007767
547701
3308679
953122
4205111
6832733
4181457
41171824
283882
2030195
88853437
151115144
116068776
150379567
114246175
117755184
111354379
113057753
106452714
98880281
102355820
102412587
99436515
103503788
96356799
96562867
94112179
95466462
93181965
97159620
93697317
95083127
84239626
88393461
91829885
91985204
92058549
92128786
85833464
86007683
86111715
90170040
92489492
92560320
90328288
74518470
74611376
74797930
74921024
75263199
64982800
65331321
62455935
1262770
105349904
4917539
281013
2231006
1133542
5557672
67947049
5984875
2019920
2069067
76240413
51007549
1364805
922459
1480362
5936965
92197532
90512854
92249235
4414025
6921478
646987
1498981
41493172
926020
84468952
303870
66953401
92923613
959318
93462939
42395196
271596
108405519
78963334
4957893
6924113
80932307
4073834
5155450
5499828
112586078
90614192
1502674
42757247
5582630
946216
962687
41431765
42660800
962973
1815317
4404205
963581
963592
1390765
150368643
4815554
4979370
2521936
5749826
99138034
1178969
62340813
72792539
2538908
4750877
111540664
165133774
164088557
64461171
95000928
164992684
88219351
90903163
165207124
165182464
107021452
164088217
159098811
83508438
64642903
40504238
165181260
165086661
153635532
159679905
165320799
152814989
165365252
165366379
2723491
165369614
42062306
165402499
1246229
164733299
164916939
65858298
165325405
165451994
160576361
100066606
115515498
165483446
165261116
93080356
165497214
165484067
242140
165507368
162821567
165320730
165509391
163857672
83456408
165526306
165513162
165543557
157703879
165382408
96494754
165454961
965042
165093954
165562383
1925371
118105037
1941325
164595527
95480671
102286114
88611050
165583769
164082564
5512622
157071966
165596516
165608381
165597533
771973
165615248
165599940
159228865
165510062
158738665
165586080
162654450
165625193
165597516
165528927
164990947
165527321
165539518
71553910
150073073
5766181
165586460
152322673
165640856
94105235
165644028
89003216
165206307
165485668
164608728
164157362
165288842
165177656
2211453
86581875
165654221
165656003
165655016
4635271
85631982
165654416
165698134
165471729
161872224
165655218
6611627
4728822
98710231
164780415
2624498
5866009
2492394
99912931
41292407
6224795
112982760
165821557
165721420
165742193
165833482
165596537
165794224
159384682
94987679
98404263
163455808
150006253
2042089
1365436
74223801
165925997
161098488
98434766
159054070
93526605
63503821
163373359
165938859
165951474
158378431
157108196
166161501
165888114
167013972
167100996
158720929
166990191
1255723
160154830
90787357
81745504
1087910
167408058
165590615
5107518
97382707
98257662
168525283
160329233
165549466
96594639
168853789
168853878
157127720
886931
690344
1771819
150569399
2362040
888261
72485464
399530
97163350
5152843
1287338
271849
271931
63777630
765321
90024548
96974235
6599058
91272797
2536262
964123
4896294
1752023
5260630
42910876
6999956
1888489
906152
2120383
711643
42362512
103539497
1565952
5072655
5105893
846276
90433770
946293
389402
42136854
5831193
40598943
167384772
168504365
159759044
168882660
160439302
97796065
6549295
167389575
167372577
92995682
84073697
168476635
166173109
158924572
168926717
42643927
91119219
162736035
637560
168853191
168925457
71137869
168963491
159047342
159180619
78190554
590290
42294662
77570659
165896094
168865412
66565545
41087074
168981720
96090477
168761433
169002389
164202659
169053260
169084008
168845939
111437566
163239834
158806506
157178597
165082056
160138324
168986192
169091399
165729763
2434446
169114580
76493061
165234338
168787884
167301073
168790565
168981122
168716125
164557537
165806015
168835131
81373670
85494894
165106974
165721587
73637362
150598223
164869531
165594817
85716817
165100360
169006019
67143983
1757765
162997370
160821775
168884723
82584601
169134652
169299892
97066297
93342036
169171175
169181966
169002482
230419
1245136
80900693
156819864
169289591
99375815
166182336
169280936
118726264
114411784
169353403
159565474
165802818
95135514
168992951
169355715
41906828
166211076
169383224
169368030
158943502
1757192
163036904
5670703
168224913
165820954
169357873
164272451
159423421
169379433
169448182
158786465
159091586
908555
169355353
169428448
98219387
169458683
169448424
40618363
83297817
169323757
163992076
108318768
169470756
169406747
165878488
4092380
165706825
92904148
159501319
69955612
88197347
169438111
169447908
95688376
169468797
169512046
287888
169541762
169449882
165646111
162885590
117293119
164081808
930172
169058013
169472797
169501772
169533529
168719329
159046921
6836033
65878873
158475662
169966168
169406195
96387838
169367435
166686441
169520303
169976608
169969458
160041506
6132658
662114
159579462
2087560
92188312
169448515
111090939
170006394
170556821
41812450
1530998
99765238
99246730
6625999
271729
279856
42096135
2535656
6482122
895058
896576
892455
64886212
2412046
834308
63817529
2223385
109157901
42974411
96637087
95383197
41443664
4617388
2011350
6456777
888061
2520099
92744597
391295
1250062
170575615
169751326
1814807
170584006
2473042
1975381
159196756
170623276
2163415
168867749
73351669
170632185
169343141
170641425
93193305
162997411
150292363
167394076
170637389
4554804
1169000
170658249
109899346
170665372
4522192
86013572
170665246
4999310
92962861
173387117
170627645
100202677
169497028
174847721
51590425
154870235
40591983
174158108
174879681
2492985
42911119
171863914
169251503
174159570
162878146
156867889
1958355
2011399
174861696
64862415
170632534
159309517
166073290
158862944
174385581
169002628
174162262
164500266
160344272
170624502
174894085
175133510
174876741
1975641
4828141
175140409
41673595
157748663
165843306
165939251
175316034
174912211
1757206
165970219
158899049
165724186
174412186
165702138
170548243
169254204
175301087
174850488
41137870
175331384
71947833
4199003
156869409
556416
113208161
169830139
2157447
170661059
175045466
72016312
74331159
2259086
97691985
51636339
175318763
169050723
175447348
170555740
175455214
170565341
50070117
174997332
168849267
175491946
156621088
41383636
175501954
175458536
175522215
175488673
161085867
175459115
109148986
177277212
74481870
163125038
175373559
77973737
61302696
84881186
177278355
169145996
164581157
171849549
177422600
177434620
177424570
40851456
177467789
174946191
165620517
177482081
165664492
177405481
177520106
171085818
41635457
177556819
89147728
175472356
165970777
175332996
2501480
167381222
177520238
4195512
177535849
177540974
177519913
963686
177554011
164292752
177544001
159753722
85168421
177554237
177535391
2155877
177600508
2166534
177550901
175260423
177574662
177598554
177520453
5465905
177617049
42972553
174278436
165682990
119141210
177582881
174882077
102611411
152334088
42125238
177580841
168209914
76001517
177619132
177563987
70844540
177731735
177699691
177502096
158404438
177809480
177717491
5283144
177736997
81271812
91423144
177728605
177384349
177528363
5419963
4997464
175299905
177888563
177748703
177407736
177854408
71662480
177572507
166015574
169338231
939730
177954210
174958066
40822267
168520032
177863381
177954834
177928984
177517517
160441461
177909652
6555063
177864846
2291340
177923574
177952620
42147851
154095712
177692837
177896514
177619401
177943099
177391031
177924664
177616818
856214
178049411
72887489
177423034
4132363
112580364
178060870
177633552
158924229
178079655
177537352
67963100
158390030
178119470
178115410
41874511
86483211
177793849
169008417
169502599
113985417
6861614
178131099
178057683
175239215
164131834
177707546
177627955
178057515
175519814
177679455
177945039
171537872
178766937
177542769
177641578
178819399
164388256
177946749
174154756
96613135
42130949
178797159
178753950
178080419
177454583
95854952
92786910
96800821
177834666
177483830
1257693
165678745
178785990
82403045
164406846
177705477
178884818
178936785
169464638
164969619
177519920
164926486
178865552
178924828
178269850
160439109
177528201
41912083
160499135
178916227
179126575
179123257
179128952
179116048
178895483
177989404
179117247
179147676
179131752
160526104
166335038
177639824
178921975
179109478
165356901
178053623
177620818
177600486
179226764
159534709
169315218
175313074
178780255
179276474
179191212
179290451
173507023
1277775
178078951
165914952
6400890
169646398
78893556
179357388
177422454
179302076
179322784
179232356
179101596
179321584
162888409
165101422
105318573
158672526
170013518
179408156
179379741
179295828
179386168
179168795
112174434
98586021
179338735
627276
73604968
179437289
179099013
179374124
179496384
169271510
160302319
76492108
95768360
179519635
2571070
179474197
40927837
179500849
179182660
179425919
179504889
93484982
179519076
179584575
178766528
179502546
179542525
179541143
163194646
179553438
179468662
179497672
179561730
171861277
179437707
179387753
169155564
179356023
94000747
96788865
87429217
179456621
179456834
2157428
179620129
175453678
165702115
179303273
179636582
179152458
42543506
179290056
179759803
177542805
164780297
179948694
179422954
165300887
179599763
164069864
178142018
180000171
178855104
180038529
179471960
177688799
179544899
180034920
179441414
3263119
171876467
159035998
179985025
107452434
179504897
43976
448937
180043128
163030386
180487253
179921901
86470497
179957903
114823067
159285859
180583040
40243891
171089429
174904469
179939563
179320776
166214622
180617982
180611816
179973364
180609041
97917452
5856903
180641631
179596987
159266252
179419956
180645579
63967245
180592161
179759208
181414791
179668270
179733163
180655847
181401067
179096510
164116707
117658390
179597427
75954224
181401456
179936747
181438853
180125292
156868896
939843
40479892
181469778
163034135
179961503
181485059
86647044
40330057
62324888
86067889
181446140
72509703
155898687
168927237
182029493
182090371
179558180
181465804
164715850
182137191
95902619
181532622
955937
165915139
81026834
178063149
179098856
182351727
182023373
164753708
182369594
182426529
182459935
82179228
179963125
182038000
5865059
178893228
182359458
71844161
182490094
41056837
165603872
182462247
179116773
40882528
182543292
175273469
182459374
182465667
182345545
163435185
92934978
159699837
52802744
178022452
182107251
182358666
168992193
182557885
182600821
179944422
180090285
179343191
182634204
182599887
182606655
182615727
182578458
182650502
168879603
179972706
182574106
182419588
180635456
164675779
183245250
182564697
181093209
182643321
182592830
168995501
4592454
938815
179974893
179980852
183970603
177451235
183982315
79916856
183974707
182338315
183969413
98768567
183998772
86787304
183975438
184021809
163560191
184014470
184023428
184028691
183980412
165100450
182092743
182558078
182566637
160371491
184033576
164972100
113823221
182036192
78033175
81114758
182118214
183999041
93613421
184182818
107365259
182667812
1227501
184034732
184178822
182601973
184187875
183982960
182604518
184206826
184031142
181527604
184180117
184181828
183957324
80791795
184376333
182623684
4669897
184424315
182055408
184404356
952779
41337844
1263820
169143843
183956900
86064382
182497793
4724242
184567217
182418321
556547
182589422
89342189
162664132
160157520
185029589
179429229
185036395
184860539
71455320
185249636
185199825
158691181
83467755
185269554
75173142
163037519
183967614
180700598
184839117
164337139
185670247
185676188
159179469
185745221
5345744
3275668
179539807
164153602
185652898
75437625
185891474
184952430
186046490
183992331
169325753
182565719
186246875
182472319
111042364
184598915
186040704
186295947
184950806
81138842
80879777
184028589
184807145
185832622
186331416
184363424
185005609
185458591
184627951
179656429
184024894
2159056
184732783
98625334
186390034
112210971
185901007
186790447
164202412
1240705
183976114
186893599
186870471
163073244
182582553
187013561
87843065
184531153
136783628
40653349
87952555
91186257
271786
170633131
41532750
160522660
185047552
185468787
186789250
187231892
187113916
165672334
186571681
187302777
81827726
186874227
178135469
90399335
76834641
170582620
150308922
187545662
187226918
167700517
178817580
187713522
187628553
1484474
716419
185334764
164816431
187210115
177563229
186330799
177448603
152662197
163568438
188413062
188405078
187518340
187990377
187890346
188415538
185753242
93557234
187235688
188567261
188085997
188484521
838195
186970622
187299610
158903658
185403986
157218798
188981671
188402664
165241708
185241214
184052409
112776051
182573099
188862352
187004789
170018222
177519692
185463989
187859320
189375905
189365294
175259071
159619583
186186395
182475463
5312030
189558222
189581971
188933044
189075068
189739228
159310684
189382954
187252060
189313920
163406772
182489321
189861996
189772876
4662388
189466776
189438329
189799821
2359855
189058478
165173669
189478659
189878160
189787103
169439222
189984272
187643153
189035768
4889872
190300463
190367460
81308027
5290701
40630539
190368638
156791069
190424629
187276116
189768732
110018953
190382553
179439666
81926874
177575849
185260046
190430624
190516065
185227731
190380953
190614608
6831407
190634255
91029710
190543971
150541121
190658900
190626706
62806581
188596687
190505677
190721117
189457943
190721620
190463910
190598311
81445427
190741787
190767080
181095263
190778851
190793502
190779140
190667058
190697752
190777058
101329288
190641927
60017324
87762116
42222293
82150694
165411317
190799070
190888869
84060199
190418866
186807687
182503394
191093133
185720916
190816616
186166282
5992149
190729039
189070344
190877150
191092333
191178119
191146408
190592986
177584226
86087962
178819790
191199574
415138
415296
1627472
1627480
169159955
188455336
191198621
191161843
191216910
191216530
95137712
191145000
191293932
188803186
158813807
178871319
189789161
152304995
175303537
2261504
76615916
77831946
190885224
190737040
191292198
191310847
186994064
177486669
187625804
175482377
94535848
384692
190820967
191158919
191344832
175312953
184638889
83958569
954656
179503590
191253409
191132662
2082632
175038033
191342250
191408031
191377080
191486258
191336885
191452539
93071504
191519986
190419392
159322252
66127212
191578119
190439493
73963046
85718654
184844051
183975827
1244396
191301278
6756958
165925603
153940320
191981178
179421199
191988810
102832888
64063078
192071770
271364
191884179
191177815
192113995
52848562
191804036
192121396
192193523
191396115
192081434
192213298
94510099
156670234
189897508
192218969
192241660
220319
242136
346872
1834213
1993243
2031404
4492906
40749030
42552467
63904391
76192990
77235065
83927250
92346081
94838833
95559986
96353864
98074951
103996276
153661437
158481221
159047873
159500685
164489670
164494143
165117337
165204795
165291049
169084270
175329930
179118785
179314602
183953348
186335586
156819876
108055843
156819735
156820257
156761527
181025474
92636250
165702851
173459981
192253238
192267123
187245268
191783596
184261389
192268575
192224759
189388065
192511524
184957060
192222117
192496726
65230590
192555261
192565642
95833939
192520784
182606295
165907610
192249934
192591153
192259674
68041500
192552960
192675151
192655890
192551748
5285628
65771172
76616642
192694043
192582376
179661101
192700954
81875202
158467544
595398
192702339
192448421
99569893
186717272
192758694
5562611
63331261
192746282
160301164
271873
891955
164451057
192210531
192756688
192828961
166574735
93888664
192843297
159053886
72916350
92039578
2288096
192873839
169739031
76313730
192624738
156654542
908366
86305555
2159057
192913712
192588571
184222697
192855289
660687
192677148
185301279
182586648
193005210
193010877
2572801
193004268
192981334
192855995
193004444
193023442
156800925
192490554
192968038
192969230
192229873
184208047
193031902
192921125
191502316
183965647
193155794
77065050
179744438
192157842
192632890
192238599
5455977
16471
6311220
890649
81176476
1275169
52689873
193161394
193195028
193179853
193169230
193222903
191105793
60630566
192798126
184180880
193183328
193236943
99611279
193214422
193167016
193005225
193240824
2604686
182526283
158690344
192813221
98877329
177426415
193219004
170925650
193304853
4919969
185439998
193364916
193355006
179574423
193314739
193383684
193369454
78153797
193275213
193347698
4734629
192990690
193354327
42648641
179416196
177454787
180602954
112298410
177687854
955206
165728979
42203287
193167066
193486207
158684028
193487160
193486625
193288581
193435126
160483154
193496207
193458824
84626104
164000005
152355737
177719075
193495251
192855101
193556610
193461225
193586236
193331353
193331759
193578602
193258413
193214431
193590456
193269692
192765239
193382296
96197264
107584456
98590624
179466983
71459627
177464559
179602811
159093276
74350099
193208297
193016972
192881840
180481093
193616745
193624493
193085067
193647842
193269446
193681361
193313358
193667303
193690108
193681364
192916117
188817510
193063716
191377790
193637140
88456443
193694586
193692889
116675273
70022087
183981307
192592591
192655636
193705040
6378699
179723974
193698776
193729592
193570467
193662181
193719282
193619955
193751631
193755242
193673166
159397036
193728781
193621406
193767018
2233824
161071514
193728391
193729564
193706153
179700284
193793271
193788257
193426395
193628389
1200815
193802413
193794000
84459804
179269082
193807862
193807945
193800465
81231382
185247309
104147989
193807885
192697940
185418166
77357121
193802586
179475172
174861620
2233810
191997376
93765674
74859172
97423441
2022458
2022439
5184710
2285048
942016
2360680
193871643
192704820
193914528
175376755
193923841
193916001
191766618
193742596
193700447
162029647
163070784
193891339
179343078
193920430
157063319
191887151
193571715
193991153
194029367
193987387
193977458
193965901
194155645
193279821
192747062
193897460
194256243
193702743
194033579
81776203
193703840
163349465
194262593
194168566
189402327
169511307
193930898
194267125
194026776
194271429
193747805
194305787
79908544
194286883
194257376
194283586
194346531
194054884
193761912
194353275
110398255
192667471
194042195
194372565
80767146
194309830
194041477
194272604
194315726
108508666
193717283
194349265
61665353
194379882
194051333
194365871
194313610
71952567
194365664
194435887
193858204
187113437
193915609
194456307
194051328
87753877
194345600
194487481
194487476
194483756
192466680
194487405
194359563
194402886
194528480
194527661
185509965
194417612
194460195
194530845
194385074
194538391
194484654
194384657
194554687
194546633
194539352
194381071
193908160
192513178
86459435
193553449
194518916
189732683
192524999
186767715
194553229
194557277
165619243
175497949
194599895
194594462
183947937
194348313
194574522
92835628
6361442
6919735
189964609
107295629
5554811
193219053
189745157
194606942
194575834
41504720
194377738
164581462
194605694
194437301
194590437
194369988
193627979
194560351
194639617
194635113
194649771
179974674
194403494
194575249
194671948
116388347
194677477
193617569
194630594
194675203
194675466
194547232
194685220
190663195
194689597
99680055
194692736
91619699
194491434
194528543
194698802
194627103
194698206
194598200
103098958
90480776
179453791
194714829
194694988
194749260
194643811
194763399
194631945
194371235
72690202
194537494
179461158
194591814
177191396
194797325
194789257
194795611
194668982
194797905
194811432
194798234
74124084
194506709
194574746
194803105
194830414
194809366
62744761
192206003
194557824
194832689
194832591
194781648
194851124
194854167
194429563
194838123
99176938
1410283
194832228
194894000
194830387
194397007
194813777
193887682
194934522
177856021
194809220
193923102
194853890
84475826
194935863
1257345
109345613
88225450
190915557
194955887
194975091
194804429
194787854
195007639
194487808
195018063
194840669
1182956
4206149
73532496
194930474
195016979
194928376
195000142
194832254
193793149
194923230
91042594
65167490
194858386
194641952
88284170
193164132
191163199
941940
194684733
4836546
194704787
194659804
195082646
194944596
194788586
98287195
194948350
194862883
179494015
195051810
159469217
195111373
195119890
169150227
194997950
195159313
194764935
89762664
179476602
194690043
194950240
194949371
194927002
195081116
180572638
195194773
195127597
195194410
195194723
195127585
174235069
195171304
194929429
192088610
193218857
194824316
70336892
1410408
935631
193711359
194366485
61834249
193757591
50415919
194543726
166283170
1282617
87922549
85824445
2152443
190373030
88333609
192942309
60464355
100263389
1532169
82175446
190312408
80798080
192914268
193373888
81504632
80032980
88699775
158872024
4045052
2521545
89243592
1260391
2030564
68729232
1277320
194292826
193528355
194287408
195211755
195178042
119395815
165643561
195210790
194940894
194971376
97775991
40694791
194570373
195213833
83307350
94668124
195196797
195045957
195227248
193808169
174857278
195265417
195178189
158815814
195194508
195191284
195193947
194787866
195395852
195027957
195412484
195289269
195216609
4224273
195406719
195537360
195391075
195245336
195561202
195409019
195540793
193932999
91116032
195146087
195184302
195214154
179775845
92027048
195593405
195481671
182423193
194473439
74334664
195607105
195687595
207194
195797405
195412111
194394322
195800957
195798876
195786884
195800833
195801902
195803132
195801472
195171695
195833393
195315193
88637190
195727186
80585210
195847261
195843491
195841024
195081120
195872231
195879607
163127853
195835549
158907227
195735423
195847806
195800489
193169569
195883969
195883562
195840199
195899247
195881594
195900021
195899339
159204181
195865961
195911764
195822842
4960299
194652592
191199877
195836190
195930942
116035300
195902410
195903264
192782989
194785940
195840020
83632888
195961647
195936433
195893000
195939624
195964873
159692630
195954113
63467100
194985634
195880024
85135724
194952006
1757757
195934275
194690805
196017432
1498313503
606725350
1762756307
196012494
191236582
1144391610
195185018
1103185537
948140695
196001930
194536304
195596946
195080223
175513544
194961944
1759591540
196003913
175133896
195237283
180072602
1732736483
79235407
92777872
180079748
1943569298
196006167
106871029
195992456
157193446
1091698053
1663819400
1639178281
195426063
780493638
928927940
817549474
1676857
177924859
1260570660
1183150424
195145695
194155801
195563856
192803112
805741075
166276775
1658069098
195797770
1003181768
1057180548
186778874
1867772667
899604014
1361323967
1888954798
1383877961
1097672543
547893562
1747435467
1699257294
195990596
1452087014
1750163856
195572824
1233273315
1889301235
1247055908
1154023020
1815459904
1589859459
959464780
70076057
1079636856
195973020
1920991537
1887485248
548264576
818660522
1815295360
71355975
112529587
905020226
194640140
160817968
406901
865844473
102288039
4397079
1648264855
1658716542
194921890
67986234
1364228899
157077164
1134305493
1723920921
701384604
520822123
1114805735
1955313580
1424367703
2302739
85319779
1916553213
527694952
524641911
195298283
191137289
1825353437
1561703276
1105997622
795562060
969843616
1181608371
1147094752
170565227
1299233346
677699678
1036414516
1454577690
42880937
195962235
1786716867
107127814
1026282076
1815971107
161097061
773727885
195907074
1023005516
113950209
1753118731
1066554480
192238224
1648371372
702007942
195079188
1086276077
193626354
153736270
1448159712
1011483889
1116659894
179434227
818748109
1570464445
41758576
993562615
1575701572
1283721677
1082123699
214207
632268747
1818474077
1943204946
194995618
735421564
1265432732
1642893721
652141481
1633590381
1567708747
621611528
1121491401
194781795
1733163141
79581712
194431401
1462531051
1660079788
1099313688
1883755254
1785733425
1764046045
195835755
1249820354
955097630
1260681
865384590
1579921757
1311533850
195221988
869293460
907483812
1634398066
187914560
1533481808
1911260561
791858602
195886998
575601609
95108718
179969906
158666051
1008966495
986112871
5606453
1652731850
4598921
1341892436
105925701
177909765
1793708357
1896593262
1567037017
192811396
1694769905
158478918
1237202151
794792386
1176242891
812215932
183952142
855393615
2669780
4542929
105218424
1918503336
194787384
195564835
970494882
1720006769
193704204
167391722
192112380
1864591122
739288361
902270011
94726749
188778651
1515581441
782226927
1767868566
1000680851
169427032
1339998945
981456848
693886554
1169612116
1249843
1571993274
1760389514
1533678285
625200868
1738903537
2249811
191347399
1410677039
1252687378
195145687
1162332744
1832782116
1797341592
680236573
1053558924
196006036
1637271097
70681678
675586705
1964259668
1760175561
185770195
1270862493
1076137050
195038972
1927389727
535107571
1927597546
744528276
837770987
1569198449
1069481077
4767317
1156598782
821936820
813625527
1101212269
1512694965
2154644
724350722
695310212
776978388
191523487
179759800
700056768
1577924048
1773654201
1887056497
1888929522
1952217108
49121
224884
233728
291425
396883
405253
1200646
1201357
1275131
1277806
1623940
1925605
2022424
2089869
2353763
2359884
4084262
4586030
4595104
4638856
6070927
6180481
41106083
41353208
42814583
42894706
51941963
62658370
68021634
72616918
78100816
85571671
86907743
86939972
91749739
93037946
94912215
97247383
104541701
111467528
119281813
132910639
152324342
152386375
152551881
153644715
164501828
165642650
170587286
191382376
191443440
191856142
192048324
192567337
193005625
193195325
193563770
193643747
193831891
194309415
194437025
194494187
194840483
194930392
194955913
194969268
194984770
194995934
194997805
195045666
195189474
195195359
195212389
195214877
195216197
195398158
195616437
195801483
195921601
195936950
551183868
610107008
631253137
731081343
916036611
1088933528
1093495586
1183540526
1198137306
1200498416
1217149425
1241243096
1396848522
1407327699
1414641569
179473050
1142564475
670683270
929043349
168757805
42999064
179678872
847856937
1367349764
1977011010
86736199
1698353453
928145232
184442222
1559261443
1053984321
281192
1233529578
42127387
1846684212
1697692841
1345908100
1583008461
1033742456
159755758
1868568729
569527818
559377288
175368708
700943349
1792769656
1713091582
721877264
233510
164633048
42879139
909582159
1199726294
1955942773
608007870
1556923608
1235847636
860085629
1519465103
1953250293
177827129
170561782
195145475
1687333190
1859800605
901147237
1886632025
1146683434
642671140
1113381937
74323861
1670936054
1219779569
1833687573
1392816155
1885168576
1256489786
1100956681
40538692
1463630635
1925814654
1306196463
1415321250
184875815
834569862
1604112667
970988463
1125589211
873982868
1241435291
967927930
1963103855
1079658796
1261728120
1598331592
1538930616
732070219
193476304
885072217
1854177897
1056528769
993734915
1123513220
64828679
851175565
1851644318
1945096916
157204704
179098117
903084196
1776412322
1092938624
194575485
1033759333
1501166999
1379909412
1261249272
1762858313
114606964
80575353
186336815
180720559
185771386
705360690
1896873599
797434809
1213880851
1181365014
588394344
812759651
1437387773
1492994452
1197790157
842609678
6443077
192598608
1461416735
180488630
826352214
1916200460
191871316
679899766
772825
1479818958
1890289909
1068504397
1845001477
1978878209
1573424154
585398585
1821990668
1209609734
1327197417
1477953361
853801262
1111300976
1357489478
1094275517
1159239834
159645954
707596276
1685274782
188441184
1328629619
1695772875
404282
555210728
850486426
1675483356
186814373
1974683689
793244894
1245942328
184187458
74180461
1859251960
163555803
996430405
194709215
1779424981
1941599
181235714
1094652534
1962999907
1910770694
155469067
40435
1443958606
1497041503
1648543699
1455270787
1550393654
271838
1926984736
92428363
1015517225
1817238659
5526055
1612333432
1686219848
5874255
1438225019
527806086
944876023
872151135
1278237150
109499114
186324650
175500712
165181851
680312617
157313497
1864060849
1641201457
1076633423
1181820979
736541557
1868387208
1437787159
1210593808
1846791419
1715973132
838625147
1984402317
996944425
111541252
741648682
1609569951
799360140
1893384515
1588984587
634123022
1802431074
904772111
179507102
1256428595
1333766485
537917678
1133639223
1512086947
1628455425
1476553034
644364577
1826850839
1822599343
938053341
835268533
1626040198
754352450
86740715
510539998
720348416
177421303
192893086
604940188
192305171
799060767
87217069
1771625865
1227891
1318442191
181174768
1902741726
507377838
749304663
1795247088
1511645482
116272293
1767762838
1807544065
1573328313
1040550680
1129810666
1096949085
1484953093
1421382572
1269601691
828870663
164054022
1592375269
644070904
1015990034
193803265
827044981
195196838
682747319
1447298771
84206431
1497430133
1114929417
1889642146
163570663
1003487842
594831432
1535505470
2208823
5953122
830522307
117259561
85645062
690141407
180460822
1383627249
1707640241
1422506821
4521422
1647119718
193386107
1086144921
1020445943
1140353762
1779518390
76051397
1009068883
893490846
1703933661
1575590578
1223786986
1585932769
1380536452
1294575370
881392075
1695241259
1286795629
1589810141
180550552
1370406350
1766702350
1447284841
193604444
526020033
560879523
1465623034
1810383942
1035517003
1756951413
862053267
1740833349
1458943789
823077116
1776764206
972306155
916055551
964356
2247802
2260688
60775995
71438308
97647418
191718040
611220610
629975942
673003835
1437415401
524410706
558341129
1625631099
192224859
1421858230
117016249
1954874641
1434233209
845180355
193865560
165703280
92383456
42230569
99983208
921429458
681556181
843870577
1024235714
1261381014
566048870
187234501
1259327962
1431508661
856194001
2069465
2157396
1571552430
1054062222
951597826
187619135
1636319788
815924525
93398961
954801524
1960738952
1272297387
852689582
687473780
193753774
1392205443
972655295
745186529
1784694614
95438726
158401633
1295104226
1594138199
194784978
194901900
1904723532
1833650021
1666969383
1331857450
152322221
1557762376
721927492
877208512
163957850
1420383327
951458569
1883913835
95149979
872794620
1303083522
1884921914
1354814123
1360035185
1138947391
159980278
2069413
1525519669
1057564185
1164523011
1953321482
1388508818
656629723
88307101
598241107
1065832391
98064946
159517323
1012444156
1540091216
1038810049
1939355232
185237524
558274427
1692022434
1632291035
5525634
41204688
561931371
1173879708
1529968118
1646873363
99967075
2469326
1735177859
1083214358
828878391
1158231835
916266819
604438669
1859508563
994044403
1085739354
5915289
110086769
1827896154
91052488
787448333
1329521703
1303843972
1073707583
583920082
1929152482
97401911
622035118
83648839
1534700320
835771634
187860178
1451356216
1416155691
1322839295
846586695
1512192758
779865803
1217562869
823774480
1145693549
938208656
1318132208
675615363
188479759
160022444
296427
194633408
195839980
502251006
532173425
627229150
630756858
637985259
847757677
901537455
906551008
1047182068
1056037472
1085425125
1126379439
1180801179
1253660955
1262625984
1284119485
1286652827
1314134630
1355628571
1370859081
1388117784
1524245605
1593609525
1902385212
1951958279
1961425046
162876644
162746324
99131398
271824
90725195
978105752
220301
93289193
1535628999
81140160
189948925
191866141
192196312
192911059
1448774437
1616220052
566616711
1393414418
1508025876
84085863
156638299
503753838
1352439636
93680215
1020548624
1370150776
1559667573
1729503968
609167217
1951693547
931286878
88876261
847475826
1230769320
93008417
63240347
165831474
195258529
932645909
994872345
1161901134
1915567717
858928669
1587597399
83460744
91756381
6869917
1032615746
79957237
179511525
1540297696
924962
723429763
542718965
2069360
805088875
1047476020
1641962868
1663521844
1102356524
64036629
66516151
997067407
90056763
78832183
1870674639
1411221040
392852
62974307
106555534
941937966
1766916633
123178176
112850868
577726454
905093492
1543285802
1748399633
1776612335
70247521
104014945
668435420
184348384
660848715
150385030
938454318
84013285
638704818
1374880147
1472527375
1584861618
96624617
1041564821
191259482
1534683767
818027576
1940542314
163105974
4032028
530373715
1299037236
1516700867
1258322234
1741267261
587390459
910686579
702894260
969142600
1989894247
1310303633
525308414
119037364
94746873
162865339
1614823687
1058220038
925058661
655230371
1874603538
90180185
686396846
1192508
996212482
914421816
77824552
101304841
1192154951
1287273
1771932
76444953
157759820
1988035416
1082243506
673097226
184378495
1448697841
194956385
531113913
1557631569
733028687
773358951
1687015710
1465007588
1488298849
4800703
71682447
1871378143
194837164
536884329
612108996
636237136
672086666
675739450
703744256
716084976
847553267
978291380
1006744984
1057715493
1339257766
1582854989
1814187691
1841599908
1981881486
917554617
95277581
81319367
111694412
96703850
6712388
985804331
1013326561
763939112
73395034
178118092
960421783
638559603
756070238
1788598
97966339
42886107
936318938
1149042212
159517621
1501731642
597618655
1468184878
1408106498
953107479
1954314520
1707731732
1974832
69706878
549767438
79717501
885308102
1755994836
2360940
102208014
116047931
1542051718
1836461188
397431
5284717
1415719632
193860975
89848311
1945794533
116559224
169004372
1753608908
1270640565
1118109785
872739253
1576625721
1464291846
1500283800
787533346
87336602
77015439
1458903381
620765214
1087595068
552248446
164472050
1398511516
1182246567
1461590623
1888585797
836409041
868934100
81925662
1121441695
182113456
1481477811
1252211453
966017
92670987
194441449
1093798407
2192414
1661782868
601344520
1112813219
542110051
1866983999
405231
6860168
194255461
40056516
1562142634
2229488
540667074
1054583963
4134900
191704741
1624742
1665349751
741834837
1962262771
1894663005
432950
413974
1238176594
1523472400
904457539
993506121
1354622678
910614814
163365250
763444669
178085017
1015382118
906360
1514535952
797191016
1678435663
2296257
1349526351
999415965
1143458633
1680533182
1667880930
1054315229
943175754
1784275392
832923933
566596351
1308533838
1591236070
1982906958
95157847
1374283346
1044301609
1697827218
186397907
1759983671
1509917389
73069976
94026759
1999194223
1400891630
764996940
76014549
194639250
194786929
529437262
583572565
655480314
730234568
747655145
951155752
1001608339
1084946529
1216296768
1310370331
1408135805
1564676577
1636395681
1054045207
668200817
941180710
1737359450
74286966
68861821
165596419
157107704
1672828366
999606531
70380534
595342993
182131659
528458807
1842589515
1641207383
1834097
175504305
647045650
1397031601
95421589
1681625481
1221132
687686471
871204650
1599707821
1943058656
1231953186
1780845043
81047162
1735282179
1999936886
3284895
163374112
1625169741
1742636679
177427773
189980809
1302710672
768499718
194165246
98426046
1843682781
191189025
1460989686
563454059
189310260
716888
1506884190
1615552379
1031903000
1748653841
189309263
2359713
186515390
1910419255
1520139426
2131252
2245693
1052340408
1640516241
1656769608
2293868
178880233
1303606487
168843999
75336820
175484817
1017336336
1766431366
653937177
156447252
2288191
84799386
644987260
1530283217
84855899
1954230336
1710123655
614742045
85860556
169131144
6293276
2245699
65898167
532079526
193221024
1534721283
155382285
164008676
846554493
177614551
1704412674
2233822
159227714
1476145079
1780583476
165451391
110671420
1150818330
66519509
158896592
2284183
531469583
6806208
150341779
1105443505
94962542
873739631
109954909
2131764
2131765
103874400
846377956
1048997828
1500745487
72602715
88441099
179374133
97019613
806030266
169974355
920717491
1367617721
88176855
87854367
1427376253
1935343280
1134419277
1797148745
979682047
70376267
159281207
1799522588
1622602795
2011242
1469500066
1350827446
637207258
152559660
41398448
50454991
1360828035
179985188
1627477
179675069
866006406
1189897022
1284843344
1139699690
89600634
654678276
624354743
2273225
74303608
1786268377
1138291969
1670122163
1682252272
517740964
598505984
696956858
1179829420
996508932
1598817637
73667784
91118556
195842223
163048216
1998836
159379797
159153771
185203394
1989694435
1391121180
163026380
769738603
89657989
5901686
87371412
236351
384636
1635237564
929492116
631818
667452
911590
943202
1772230
2022434
2258079
1272672799
6356524
6780717
720713321
1270321134
41328618
41636124
42492997
60230332
62484481
64624371
67902330
71815106
86205932
88519504
99241549
117554076
152386639
165260412
186387331
186541315
82367176
73522482
87082665
1926136770
1019598977
870850166
1104067443
2013321
668235221
1230083760
61873934
1114131485
191973871
547190124
1709851743
86456413
1265157832
1160530550
1609748853
779118105
520942763
1356798716
175158757
1043828623
1614528456
1779793543
538066847
177545124
2353523
1434647505
973082885
6229690
1320933023
2021765
989395921
1573363516
1938279682
1293588323
1276233
1340385533
954140
1824605168
1451929078
971141235
175138660
89413820
89984223
1552883101
1225340408
1255574857
1187326111
177448368
1739528447
846158
1918004655
1489952742
1288307159
193860620
533479980
663997025
688289339
691108136
727320269
769245730
816391965
863397057
891374002
1040572541
1244768582
1439433395
1563176029
1597505592
1599498704
1643821320
1883641980
1917877233
1974961327
1054995127
1011988650
4979359
160153868
97897631
1463497367
1743380496
1267826882
2118978
564552838
72365005
1826561783
511506246
2120432
931896260
1209642044
182406540
194759951
639296967
1463282530
511292245
859648432
1288821227
850743803
573022
590892
1301924751
1561251686
1875621999
1531568137
179114359
587013931
1490317522
576015614
1041871049
93852280
150242124
4629182
1444915965
953254644
1328049856
90887817
640693182
1301621218
825852464
1008215565
638622944
729106824
580983427
1868303669
1738055919
179698118
684875489
2028785
182613734
179996010
1467679252
1375791680
42123364
4146884
523910049
1001202713
1659418450
1139960736
162739372
946545092
1906517985
845195594
617800702
194957777
512167218
1239506700
1616319705
1830516127
1385335430
195821429
517605958
606321114
613681291
700563766
704301237
706626874
717398847
740186276
911705970
980213387
1036297136
1071027906
1339004708
1409217372
1441401827
1442082713
1592558359
1660993801
1699690625
1728582348
1769415045
1996368943
185476500
194762239
565484242
177728099
184435871
1304584607
1492605982
68100966
627493361
1967824176
1353655940
1944918767
1175092380
5043390
665506048
925552477
1083378577
1735760290
195839930
2546728
88295909
100376074
1971963334
1694793287
165650062
65842646
1954327244
1103673360
1578233298
1686065945
893170
160549329
5235211
73556222
1678863
2152609
232009
271940
690362
153935403
174156066
1009667638
189408353
1108873012
158878684
1967778301
699687520
152786515
802839389
187738299
1087431256
117695503
162772457
177690979
821756363
1135758672
1099831335
597687816
1652936128
1701987353
6867432
1253576
179086491
82592242
1242224944
832527998
1263031519
1577176541
895506758
90488751
421146
115751452
901104536
1407502856
781528342
1740343319
95159568
1087651228
160039974
952282535
73274970
954571
175306662
995794023
1893871267
194492054
6750310
61943022
1282427340
1352455548
1885794513
1859494
1077685797
1475815089
1228140850
1083457695
1435350803
1538641900
1115270823
1663706432
1949121017
182421059
69833088
1242268251
501500885
1297786846
6408113
89559530
1459361614
623133903
1143637118
1843655181
412268
1625933
1058725096
432442
1018491154
1086181626
1818814827
348387
649285
690260
922155
1448355
5113516
5155201
40566046
72242450
81294578
83641659
84627693
85452961
86243754
90094797
92350289
93967061
96769349
99574715
109503052
150011485
150441349
163004721
165366062
182401718
185243070
187295016
193179762
512706424
615113307
694358207
760797934
856822779
921525046
963793722
965249221
988001439
1155868095
1254320944
1342174767
1360784556
1445018235
1786514274
1905480253
1933934014
992370712
1955005336
1384040163
950111511
886405350
1367858368
170627161
76218389
5743430
92711863
224885
103510669
2462474
1749228940
1854834704
1227073974
1061714939
1616711166
1645255824
791174340
1199338995
1086702958
511200887
903028049
1468698810
1751770027
96936189
578379231
1107078774
150441192
1470697622
80321328
1059078980
648019386
756805817
1143384009
709013662
938729657
1653338488
1106192692
52031732
708274463
1524744275
2112955
164270348
1697007161
1644934700
817794504
1033753919
945567028
168994909
99618932
991453329
1383198838
1231204718
707053628
159691223
179405366
1644349352
1587202760
1754379976
1697533584
1535813341
846681728
1852451583
521793553
1309584597
920785290
695733595
1611847333
625757197
98002433
993742030
1981422529
95606148
1120618770
1252741287
1221973830
1214382219
177397276
1934869788
1112912517
182081481
1766641886
1826274463
918857274
564516385
713544723
731411700
755145302
799027913
935072066
958724506
1071784060
1094424580
1183990820
1322090471
1373916758
1435139053
1518918457
1610354698
1804450205
1999836774
836172556
1591788968
1340340012
571950861
670475417
1892124624
596374397
182550155
87597061
2177333
73163540
1553890910
69066552
1473067106
1967692848
747055328
651820961
1684960392
1777890821
952378767
1270709162
81906059
94416441
543107603
1539080724
1602096091
554779743
1070094521
1776173871
